-0.005021459970869584
-0.000139468363802124
-0.00010747831974947018
-0.000053082129933414476
0.000022561578971395244
0.00011750485131209266
0.00022905168199764618
0.00035380179838436
0.0004877680956544801
0.0006265079133938591
0.0007652371208867602
0.000898942956476853
0.001022535591653152
0.0011310659026470063
0.0012200829883815985
0.0012855583553563696
0.0013238374898530262
0.0013325951094197547
0.0013099989953926964
0.0012555203994862694
0.0011696097883022833
0.0010538074475846498
0.0009107560674895366
0.0007441254023331924
0.000558471729541669
0.0003590726266166953
0.0001517630565030857
-0.00005723739470928479
-0.00026154937001809296
-0.00045515492134543174
-0.0006315035798372387
-0.0007863236712583092
-0.0009142713256025471
-0.0010117982026822262
-0.0010766401048528267
-0.0011076362287424939
-0.0011048701803615093
-0.0010697685572964315
-0.0010051162367621849
-0.0009149460114928234
-0.0008043137438651226
-0.000679022465629264
-0.0005453661745743819
-0.00040992091310995037
-0.0002796355607569613
-0.00016294719481314962
-0.00006266721217575415
0.000013820893796062312
0.00006317327650240258
0.00008266857228814251
0.00007121409102724717
0.00002942534336058983
-0.000040358513223266195
-0.0001340917451739711
-0.00024608745734257714
-0.000369169192116665
-0.000494931520114148
-0.0006140935946167542
-0.0007169010152280423
-0.0007932713112084562
-0.0008336346720006664
-0.0008290569491768463
-0.0007718554316785282
-0.0006561515234332171
-0.000477957289959858
-0.00023574990098164118
0.0000692630270111456
0.0004330010226445402
0.0008484598203749435
0.0013057353051264859
0.0017921411159609157
0.0022924634585178563
0.0027893858082210688
0.0032640783962645083
0.003694747776998455
0.004066771788127196
0.004352579012752541
0.004536809283197865
0.004602739658782676
0.00453578459799453
0.004324621027521202
0.003961960484666919
0.0034451533075548434
0.002776583735533338
0.001963869816852856
0.0010199148736473329
-0.00003715875512461845
-0.001184204328935989
-0.002393380338575783
-0.0036330283942867395
-0.004868938303955311
-0.006063475587023308
-0.007178840761585542
-0.008176642264910366
-0.00901980513908337
-0.009673617175652132
-0.010106936553689817
-0.010293392712004324
-0.010212493502570322
-0.009850569866895408
-0.009201527063790925
-0.008267403840949641
-0.007058747336076365
-0.005594842313259507
-0.0039030350157236234
-0.0020193339497640095
0.000013779626718806056
0.0021470914023329103
0.004326212031502927
0.00649324084648911
0.008588198696007153
0.010550662153850646
0.012321519330074995
0.013844777217920025
0.015069318680180391
0.015950512516678186
0.016451624819352095
0.016545013313057008
0.016212763320352642
0.015437640132881238
0.014255136659833295
0.012658338151224476
0.010685187457732018
0.008376668295818814
0.005784485852820376
0.002969638380450064
8.710339985357546e-7
-0.0030470597579533563
-0.006095328966498992
-0.009063181146268697
-0.011870202433524801
-0.014438623330802324
-0.016695541779081932
-0.01857485925873351
-0.020019548287658954
-0.020983480063252655
-0.02143242727745294
-0.02134585161839138
-0.02071715323670398
-0.019554390563039478
-0.01788019825426085
-0.01573130854004794
-0.013157702784643687
-0.010221407668874706
-0.006994933310020793
-0.0035593642949357665
-0.0000021594020982159885
0.003585228909496686
0.007109378365653053
0.01047942894083841
0.013605075986315053
0.016405074363929507
0.018805313540370388
0.02074186702157646
0.02216313763281975
0.023031293595646787
0.023323262446352994
0.023031293595646787
0.02216313763281975
0.02074186702157646
0.018805313540370388
0.016405074363929507
0.013605075986315053
0.01047942894083841
0.007109378365653053
0.003585228909496686
-0.0000021594020982159885
-0.0035593642949357665
-0.006994933310020793
-0.010221407668874706
-0.013157702784643687
-0.01573130854004794
-0.01788019825426085
-0.019554390563039478
-0.02071715323670398
-0.02134585161839138
-0.02143242727745294
-0.020983480063252655
-0.020019548287658954
-0.01857485925873351
-0.016695541779081932
-0.014438623330802324
-0.011870202433524801
-0.009063181146268697
-0.006095328966498992
-0.0030470597579533563
8.710339985357546e-7
0.002969638380450064
0.005784485852820376
0.008376668295818814
0.010685187457732018
0.012658338151224476
0.014255136659833295
0.015437640132881238
0.016212763320352642
0.016545013313057008
0.016451624819352095
0.015950512516678186
0.015069318680180391
0.013844777217920025
0.012321519330074995
0.010550662153850646
0.008588198696007153
0.00649324084648911
0.004326212031502927
0.0021470914023329103
0.000013779626718806056
-0.0020193339497640095
-0.0039030350157236234
-0.005594842313259507
-0.007058747336076365
-0.008267403840949641
-0.009201527063790925
-0.009850569866895408
-0.010212493502570322
-0.010293392712004324
-0.010106936553689817
-0.009673617175652132
-0.00901980513908337
-0.008176642264910366
-0.007178840761585542
-0.006063475587023308
-0.004868938303955311
-0.0036330283942867395
-0.002393380338575783
-0.001184204328935989
-0.00003715875512461845
0.0010199148736473329
0.001963869816852856
0.002776583735533338
0.0034451533075548434
0.003961960484666919
0.004324621027521202
0.00453578459799453
0.004602739658782676
0.004536809283197865
0.004352579012752541
0.004066771788127196
0.003694747776998455
0.0032640783962645083
0.0027893858082210688
0.0022924634585178563
0.0017921411159609157
0.0013057353051264859
0.0008484598203749435
0.0004330010226445402
0.0000692630270111456
-0.00023574990098164118
-0.000477957289959858
-0.0006561515234332171
-0.0007718554316785282
-0.0008290569491768463
-0.0008336346720006664
-0.0007932713112084562
-0.0007169010152280423
-0.0006140935946167542
-0.000494931520114148
-0.000369169192116665
-0.00024608745734257714
-0.0001340917451739711
-0.000040358513223266195
0.00002942534336058983
0.00007121409102724717
0.00008266857228814251
0.00006317327650240258
0.000013820893796062312
-0.00006266721217575415
-0.00016294719481314962
-0.0002796355607569613
-0.00040992091310995037
-0.0005453661745743819
-0.000679022465629264
-0.0008043137438651226
-0.0009149460114928234
-0.0010051162367621849
-0.0010697685572964315
-0.0011048701803615093
-0.0011076362287424939
-0.0010766401048528267
-0.0010117982026822262
-0.0009142713256025471
-0.0007863236712583092
-0.0006315035798372387
-0.00045515492134543174
-0.00026154937001809296
-0.00005723739470928479
0.0001517630565030857
0.0003590726266166953
0.000558471729541669
0.0007441254023331924
0.0009107560674895366
0.0010538074475846498
0.0011696097883022833
0.0012555203994862694
0.0013099989953926964
0.0013325951094197547
0.0013238374898530262
0.0012855583553563696
0.0012200829883815985
0.0011310659026470063
0.001022535591653152
0.000898942956476853
0.0007652371208867602
0.0006265079133938591
0.0004877680956544801
0.00035380179838436
0.00022905168199764618
0.00011750485131209266
0.000022561578971395244
-0.000053082129933414476
-0.00010747831974947018
-0.000139468363802124
-0.005021459970869584
