-0.00480751033938627
0.00012639664578097665
0.0002466961424156212
0.0004384128940031227
0.0006899985478457545
0.0009833937295047096
0.0012982341873364115
0.0016111657439741493
0.001896569958878387
0.002128966480530713
0.0022843422564147457
0.0023416061838142446
0.0022846291198408216
0.0021034979750075497
0.0017954687474712665
0.0013659148122764876
0.0008284685170096022
0.0002046562210605285
-0.0004767624950718868
-0.0011812315248718682
-0.0018702917592238878
-0.0025036781919757435
-0.0030418452561054936
-0.0034485414880519307
-0.003693177277032873
-0.00375311009615207
-0.003615486430691167
-0.0032784534436603578
-0.002751866516094807
-0.002057205071841714
-0.0012266566724277767
-0.00030161201661972495
0.0006695715709657304
0.0016343826865814993
0.0025391742814777946
0.0033324564517513227
0.003968194972234904
0.004408695353804662
0.004627174477991652
0.0046097123562218985
0.0043561962640555115
0.003880561982572668
0.003210121222105023
0.0023837340460454376
0.0014495009635264865
0.0004618412471642992
-0.0005222702273432176
-0.001446813568954841
-0.0022602114109842
-0.002919301598651653
-0.003391908477015113
-0.0036584483482491052
-0.0037144942679558915
-0.0035705246539042687
-0.0032464595259371707
-0.00277982238448391
-0.0022156650350309403
-0.0015967853678141583
-0.0009812872852229932
-0.0004154701618954538
0.000059030701398252035
0.0004091293287761982
0.0006148059314073071
0.0006702497243705381
0.000584273473691138
0.0003805206957615304
0.00009555087896711458
-0.0002242239949926601
-0.0005260584161988257
-0.0007555329413310179
-0.0008615497862128868
-0.0008009817315274074
-0.0005432123698211564
-0.00007391657601620804
0.0006024284841158157
0.001461138402711225
0.0024574478061596635
0.0035283814067809793
0.004596020768654499
0.005572226326077736
0.006364618663604925
0.006883190054904833
0.007047310663059945
0.006792679805971828
0.0060774998676432854
0.004887602151818995
0.0032400853305337603
0.0011849022291895658
-0.0011956180508811607
-0.003789460063593537
-0.006459980468242186
-0.009052861431301209
-0.011404694123176521
-0.01335293188412472
-0.014746298535914373
-0.01545513834757431
-0.015381264153042487
-0.014466167772497006
-0.012697182401817407
-0.010111404109083568
-0.0067963581694495965
-0.0028875852964548956
0.0014363194136238987
0.005962093709094207
0.010452706383706212
0.014659197485435113
0.01833501860261965
0.021251536733532153
0.0232099314093014
0.02404774675338662
0.023694427118438527
0.022088418939375947
0.019270643036841777
0.015343360172429916
0.010470488685383372
0.004876537631288546
-0.0011667343991599052
-0.007354642870312928
-0.013364529531035188
-0.018873731558649114
-0.023577883449550585
-0.027207865622598755
-0.02954585143183786
-0.030438792490215742
-0.02980806025824117
-0.027655422968184344
-0.024064547817046728
-0.019197611547689383
-0.01328769571301239
-0.0066270706389933804
0.00044818201880386974
0.007575985188576456
0.014387766768776534
0.02052865008580116
0.02567687352322705
0.029561528110369023
0.0319776412906362
0.032797480821252
0.0319776412906362
0.029561528110369023
0.02567687352322705
0.02052865008580116
0.014387766768776534
0.007575985188576456
0.00044818201880386974
-0.0066270706389933804
-0.01328769571301239
-0.019197611547689383
-0.024064547817046728
-0.027655422968184344
-0.02980806025824117
-0.030438792490215742
-0.02954585143183786
-0.027207865622598755
-0.023577883449550585
-0.018873731558649114
-0.013364529531035188
-0.007354642870312928
-0.0011667343991599052
0.004876537631288546
0.010470488685383372
0.015343360172429916
0.019270643036841777
0.022088418939375947
0.023694427118438527
0.02404774675338662
0.0232099314093014
0.021251536733532153
0.01833501860261965
0.014659197485435113
0.010452706383706212
0.005962093709094207
0.0014363194136238987
-0.0028875852964548956
-0.0067963581694495965
-0.010111404109083568
-0.012697182401817407
-0.014466167772497006
-0.015381264153042487
-0.01545513834757431
-0.014746298535914373
-0.01335293188412472
-0.011404694123176521
-0.009052861431301209
-0.006459980468242186
-0.003789460063593537
-0.0011956180508811607
0.0011849022291895658
0.0032400853305337603
0.004887602151818995
0.0060774998676432854
0.006792679805971828
0.007047310663059945
0.006883190054904833
0.006364618663604925
0.005572226326077736
0.004596020768654499
0.0035283814067809793
0.0024574478061596635
0.001461138402711225
0.0006024284841158157
-0.00007391657601620804
-0.0005432123698211564
-0.0008009817315274074
-0.0008615497862128868
-0.0007555329413310179
-0.0005260584161988257
-0.0002242239949926601
0.00009555087896711458
0.0003805206957615304
0.000584273473691138
0.0006702497243705381
0.0006148059314073071
0.0004091293287761982
0.000059030701398252035
-0.0004154701618954538
-0.0009812872852229932
-0.0015967853678141583
-0.0022156650350309403
-0.00277982238448391
-0.0032464595259371707
-0.0035705246539042687
-0.0037144942679558915
-0.0036584483482491052
-0.003391908477015113
-0.002919301598651653
-0.0022602114109842
-0.001446813568954841
-0.0005222702273432176
0.0004618412471642992
0.0014495009635264865
0.0023837340460454376
0.003210121222105023
0.003880561982572668
0.0043561962640555115
0.0046097123562218985
0.004627174477991652
0.004408695353804662
0.003968194972234904
0.0033324564517513227
0.0025391742814777946
0.0016343826865814993
0.0006695715709657304
-0.00030161201661972495
-0.0012266566724277767
-0.002057205071841714
-0.002751866516094807
-0.0032784534436603578
-0.003615486430691167
-0.00375311009615207
-0.003693177277032873
-0.0034485414880519307
-0.0030418452561054936
-0.0025036781919757435
-0.0018702917592238878
-0.0011812315248718682
-0.0004767624950718868
0.0002046562210605285
0.0008284685170096022
0.0013659148122764876
0.0017954687474712665
0.0021034979750075497
0.0022846291198408216
0.0023416061838142446
0.0022843422564147457
0.002128966480530713
0.001896569958878387
0.0016111657439741493
0.0012982341873364115
0.0009833937295047096
0.0006899985478457545
0.0004384128940031227
0.0002466961424156212
0.00012639664578097665
-0.00480751033938627
